4.076347e-02
2.064465e-01
3.673459e-02
2.000035e-01
1.987658e-01
1.006649e+00
1.791207e-01
9.752323e-01
5.182724e-02
2.624790e-01
4.670487e-02
2.542872e-01
2.083726e-01
1.055303e+00
1.877780e-01
1.022367e+00
1.903918e-01
9.642389e-01
1.715743e-01
9.341455e-01
9.283650e-01
4.701703e+00
8.366096e-01
4.554966e+00
2.420667e-01
1.225947e+00
2.181419e-01
1.187686e+00
9.732346e-01
4.928946e+00
8.770445e-01
4.775116e+00
5.412731e-02
2.741277e-01
4.877761e-02
2.655723e-01
2.639290e-01
1.336668e+00
2.378434e-01
1.294951e+00
6.881821e-02
3.485298e-01
6.201653e-02
3.376524e-01
2.766851e-01
1.401272e+00
2.493388e-01
1.357539e+00
2.308990e-01
1.169388e+00
2.080780e-01
1.132892e+00
1.125881e+00
5.702025e+00
1.014604e+00
5.524068e+00
2.935682e-01
1.486776e+00
2.645532e-01
1.440374e+00
1.180297e+00
5.977615e+00
1.063642e+00
5.791057e+00
