1.531018e-02
1.578276e-01
3.286913e-04
1.293530e-01
2.554665e-02
2.633520e-01
5.484560e-04
2.158392e-01
1.542940e-02
1.590566e-01
3.312508e-04
1.303603e-01
1.997138e-02
2.058783e-01
4.287616e-04
1.687347e-01
6.142898e-02
6.332511e-01
1.318807e-03
5.190027e-01
1.025007e-01
1.056646e+00
2.200568e-03
8.660106e-01
6.190732e-02
6.381821e-01
1.329076e-03
5.230441e-01
8.013108e-02
8.260448e-01
1.720318e-03
6.770134e-01
1.265326e-02
1.304383e-01
2.716504e-04
1.069052e-01
2.111330e-02
2.176500e-01
4.532773e-04
1.783826e-01
1.275179e-02
1.314540e-01
2.737657e-04
1.077376e-01
1.650556e-02
1.701503e-01
3.543546e-04
1.394526e-01
9.517449e-02
9.811223e-01
2.043282e-03
8.041125e-01
1.588087e-01
1.637106e+00
3.409432e-03
1.341746e+00
9.591560e-02
9.887621e-01
2.059193e-03
8.103740e-01
1.241504e-01
1.279826e+00
2.665361e-03
1.048925e+00
9.537755e-02
9.832156e-01
2.047642e-03
8.058281e-01
1.591475e-01
1.640599e+00
3.416706e-03
1.344609e+00
9.612024e-02
9.908717e-01
2.063587e-03
8.121030e-01
1.244153e-01
1.282556e+00
2.671048e-03
1.051163e+00
3.826830e-01
3.944952e+00
8.215745e-03
3.233221e+00
6.385468e-01
6.582567e+00
1.370884e-02
5.394969e+00
3.856628e-01
3.975671e+00
8.279719e-03
3.258397e+00
4.991911e-01
5.145995e+00
1.071703e-02
4.217577e+00
7.882579e-02
8.125890e-01
1.692295e-03
6.659852e-01
1.315291e-01
1.355890e+00
2.823773e-03
1.111266e+00
7.943959e-02
8.189165e-01
1.705473e-03
6.711711e-01
1.028244e-01
1.059982e+00
2.207516e-03
8.687449e-01
5.929067e-01
6.112079e+00
1.272900e-02
5.009364e+00
9.893272e-01
1.019865e+01
2.123967e-02
8.358651e+00
5.975235e-01
6.159672e+00
1.282812e-02
5.048371e+00
7.734176e-01
7.972905e+00
1.660435e-02
6.534469e+00
1.437833e-02
1.482215e-01
3.086856e-04
1.214800e-01
2.399176e-02
2.473231e-01
5.150743e-04
2.027021e-01
1.449029e-02
1.493756e-01
3.110892e-04
1.224259e-01
1.875582e-02
1.933476e-01
4.026651e-04
1.584647e-01
5.769012e-02
5.947083e-01
1.238538e-03
4.874136e-01
9.626203e-02
9.923334e-01
2.066631e-03
8.133010e-01
5.813934e-02
5.993392e-01
1.248182e-03
4.912091e-01
7.525392e-02
7.757677e-01
1.615611e-03
6.358071e-01
1.188312e-02
1.224992e-01
2.551165e-04
1.003984e-01
1.982824e-02
2.044028e-01
4.256887e-04
1.675253e-01
1.197566e-02
1.234531e-01
2.571030e-04
1.011802e-01
1.550095e-02
1.597942e-01
3.327868e-04
1.309648e-01
8.938171e-02
9.214064e-01
1.918918e-03
7.551703e-01
1.491428e-01
1.537464e+00
3.201917e-03
1.260081e+00
9.007771e-02
9.285813e-01
1.933861e-03
7.610507e-01
1.165940e-01
1.201929e+00
2.503134e-03
9.850825e-01
1.024060e-01
1.055670e+00
2.198535e-03
8.652105e-01
1.708752e-01
1.761496e+00
3.668487e-03
1.443695e+00
1.032034e-01
1.063890e+00
2.215654e-03
8.719477e-01
1.335836e-01
1.377069e+00
2.867880e-03
1.128624e+00
4.108833e-01
4.235660e+00
8.821172e-03
3.471480e+00
6.856020e-01
7.067644e+00
1.471905e-02
5.792531e+00
4.140828e-01
4.268642e+00
8.889861e-03
3.498512e+00
5.359770e-01
5.525209e+00
1.150678e-02
4.528375e+00
8.463455e-02
8.724695e-01
1.817002e-03
7.150624e-01
1.412217e-01
1.455807e+00
3.031860e-03
1.193157e+00
8.529359e-02
8.792633e-01
1.831151e-03
7.206305e-01
1.104016e-01
1.138094e+00
2.370190e-03
9.327637e-01
6.365986e-01
6.562484e+00
1.366701e-02
5.378510e+00
1.062232e+00
1.095020e+01
2.280485e-02
8.974609e+00
6.415557e-01
6.613585e+00
1.377343e-02
5.420391e+00
8.304115e-01
8.560437e+00
1.782794e-02
7.016001e+00
