9.223072e-03
4.862164e-02
1.352955e-02
6.127398e-02
4.275866e-02
2.254126e-01
6.272374e-02
2.840695e-01
1.488114e-02
7.844954e-02
2.182952e-02
9.886370e-02
6.804956e-02
3.587397e-01
9.982359e-02
4.520910e-01
3.420165e-02
1.803022e-01
5.017124e-02
2.272205e-01
1.585607e-01
8.358908e-01
2.325966e-01
1.053407e+00
5.518331e-02
2.909121e-01
8.094977e-02
3.666134e-01
2.523462e-01
1.330304e+00
3.701729e-01
1.676476e+00
1.344047e-02
7.085465e-02
1.971615e-02
8.929246e-02
6.231072e-02
3.284860e-01
9.140514e-02
4.139647e-01
2.168578e-02
1.143218e-01
3.181141e-02
1.440707e-01
9.916629e-02
5.227790e-01
1.454695e-01
6.588167e-01
5.314928e-02
2.801893e-01
7.796600e-02
3.531002e-01
2.464030e-01
1.298973e+00
3.614546e-01
1.636992e+00
8.575475e-02
4.520768e-01
1.257958e-01
5.697164e-01
3.921455e-01
2.067289e+00
5.752479e-01
2.605240e+00
3.575897e-02
1.885120e-01
5.245572e-02
2.375667e-01
1.657805e-01
8.739520e-01
2.431876e-01
1.101372e+00
5.769601e-02
3.041584e-01
8.463571e-02
3.833066e-01
2.638365e-01
1.390877e+00
3.870282e-01
1.752812e+00
1.326040e-01
6.990537e-01
1.945200e-01
8.809616e-01
6.147591e-01
3.240851e+00
9.018054e-01
4.084186e+00
2.139524e-01
1.127902e+00
3.138521e-01
1.421405e+00
9.783770e-01
5.157750e+00
1.435205e+00
6.499901e+00
5.211032e-02
2.747121e-01
7.644192e-02
3.461978e-01
2.415863e-01
1.273580e+00
3.543889e-01
1.604992e+00
8.407842e-02
4.432396e-01
1.233367e-01
5.585796e-01
3.844798e-01
2.026878e+00
5.640030e-01
2.554313e+00
2.060663e-01
1.086328e+00
3.022837e-01
1.369012e+00
9.553343e-01
5.036275e+00
1.401404e+00
6.346816e+00
3.324816e-01
1.752757e+00
4.877255e-01
2.208860e+00
1.520396e+00
8.015133e+00
2.230306e+00
1.010083e+01
1.224294e-02
6.454163e-02
1.795948e-02
8.133666e-02
5.675895e-02
2.992185e-01
8.326111e-02
3.770812e-01
1.975362e-02
1.041359e-01
2.897707e-02
1.312342e-01
9.033075e-02
4.762003e-01
1.325084e-01
6.001173e-01
4.540015e-02
2.393378e-01
6.659860e-02
3.016184e-01
2.104775e-01
1.109583e+00
3.087547e-01
1.398319e+00
7.325176e-02
3.861643e-01
1.074548e-01
4.866520e-01
3.349709e-01
1.765880e+00
4.913771e-01
2.225397e+00
1.784122e-02
9.405429e-02
2.617173e-02
1.185291e-01
8.271286e-02
4.360408e-01
1.213335e-01
5.495074e-01
2.878627e-02
1.517537e-01
4.222729e-02
1.912431e-01
1.316359e-01
6.939503e-01
1.931000e-01
8.745303e-01
7.055173e-02
3.719305e-01
1.034941e-01
4.687143e-01
3.270817e-01
1.724290e+00
4.798042e-01
2.172985e+00
1.138331e-01
6.000985e-01
1.669845e-01
7.562562e-01
5.205440e-01
2.744173e+00
7.635989e-01
3.458263e+00
4.748313e-02
2.503187e-01
6.965417e-02
3.154567e-01
2.201343e-01
1.160491e+00
3.229205e-01
1.462475e+00
7.661258e-02
4.038817e-01
1.123849e-01
5.089798e-01
3.503395e-01
1.846899e+00
5.139216e-01
2.327499e+00
1.760803e-01
9.282496e-01
2.582965e-01
1.169799e+00
8.163177e-01
4.303416e+00
1.197477e+00
5.423251e+00
2.841002e-01
1.497703e+00
4.167536e-01
1.887435e+00
1.299154e+00
6.848801e+00
1.905761e+00
8.630998e+00
6.919553e-02
3.647809e-01
1.015046e-01
4.597043e-01
3.207942e-01
1.691144e+00
4.705810e-01
2.131214e+00
1.116449e-01
5.885629e-01
1.637746e-01
7.417188e-01
5.105377e-01
2.691422e+00
7.489204e-01
3.391785e+00
2.736284e-01
1.442498e+00
4.013922e-01
1.817865e+00
1.268556e+00
6.687499e+00
1.860876e+00
8.427721e+00
4.414911e-01
2.327426e+00
6.476342e-01
2.933070e+00
2.018882e+00
1.064302e+01
2.961548e+00
1.341255e+01
