6.406100e-02
2.401580e-01
9.422911e-02
3.099668e-01
2.088148e-01
7.828248e-01
3.071515e-01
1.010375e+00
8.552043e-02
3.206071e-01
1.257944e-01
4.138007e-01
2.713819e-01
1.017382e+00
3.991832e-01
1.313114e+00
2.105356e-01
7.892760e-01
3.096827e-01
1.018702e+00
6.862670e-01
2.572743e+00
1.009449e+00
3.320584e+00
2.810617e-01
1.053671e+00
4.134215e-01
1.359950e+00
8.918929e-01
3.343613e+00
1.311910e+00
4.315530e+00
8.889828e-02
3.332703e-01
1.307629e-01
4.301449e-01
2.897750e-01
1.086336e+00
4.262380e-01
1.402111e+00
1.186778e-01
4.449106e-01
1.745665e-01
5.742366e-01
3.766002e-01
1.411835e+00
5.539516e-01
1.822224e+00
2.555576e-01
9.580587e-01
3.759068e-01
1.236546e+00
8.330217e-01
3.122911e+00
1.225315e+00
4.030674e+00
3.411653e-01
1.278993e+00
5.018296e-01
1.650769e+00
1.082620e+00
4.058628e+00
1.592455e+00
5.238384e+00
