1.589192e-01
3.590071e-01
5.207835e-02
5.419365e-01
2.073508e-01
8.735151e-01
4.510724e-01
1.067669e+00
4.242720e-02
1.472399e-01
5.142409e-02
2.248658e-01
3.321108e-01
1.168863e+00
6.679833e-01
1.278941e+00
3.490647e-01
7.885560e-01
1.143896e-01
1.190359e+00
4.933393e-01
2.078310e+00
1.073214e+00
2.540251e+00
3.165376e-01
1.098516e+00
3.836608e-01
1.677661e+00
8.207010e-01
2.888455e+00
1.650697e+00
3.160476e+00
1.281749e-01
2.895540e-01
4.200333e-02
4.370941e-01
2.830976e-01
1.192617e+00
6.158524e-01
1.457696e+00
1.362129e-01
4.727150e-01
1.650975e-01
7.219335e-01
4.050944e-01
1.425728e+00
8.147770e-01
1.559997e+00
5.143570e-01
1.161960e+00
1.685565e-01
1.754028e+00
6.250866e-01
2.633327e+00
1.359817e+00
3.218630e+00
4.760453e-01
1.652074e+00
5.769930e-01
2.523059e+00
8.962432e-01
3.154325e+00
1.802638e+00
3.451386e+00
