1.267734e-01
4.240658e-01
2.154088e-03
4.584250e-01
1.690069e-01
8.047111e-01
1.651846e-01
7.078121e-01
1.269869e-03
7.875981e-03
1.712088e-03
9.977617e-03
3.575112e-01
1.400080e+00
4.402260e-01
1.191661e+00
3.389709e-01
1.133881e+00
5.759669e-03
1.225751e+00
6.803077e-01
3.239223e+00
6.649215e-01
2.849173e+00
2.747966e-01
1.704343e+00
3.704917e-01
2.159132e+00
8.937407e-01
3.500054e+00
1.100519e+00
2.979030e+00
7.791715e-02
2.606382e-01
1.323940e-03
2.817559e-01
2.191988e-01
1.043695e+00
2.142413e-01
9.180192e-01
5.948891e-02
3.689621e-01
8.020532e-02
4.674164e-01
4.454152e-01
1.744329e+00
5.484678e-01
1.484665e+00
4.303659e-01
1.439603e+00
7.312620e-03
1.556244e+00
1.085724e+00
5.169576e+00
1.061169e+00
4.547083e+00
3.325904e-01
2.062792e+00
4.484116e-01
2.613229e+00
1.032808e+00
4.044666e+00
1.271761e+00
3.442570e+00
