6.828528e-02
1.705648e-01
1.917348e-03
3.224259e-01
8.211593e-02
4.151202e-01
1.492299e-01
4.290217e-01
1.428270e-03
6.253822e-03
1.984129e-03
1.522456e-02
1.922764e-01
9.270963e-01
2.955480e-01
9.114981e-01
8.154603e-02
2.036879e-01
2.289689e-03
3.850398e-01
1.768345e-01
8.939504e-01
3.213625e-01
9.238868e-01
6.974072e-02
3.053666e-01
9.688263e-02
7.433969e-01
2.974552e-01
1.434235e+00
4.572182e-01
1.410104e+00
3.163415e-03
7.901665e-03
8.882392e-05
1.493685e-02
5.913344e-03
2.989369e-02
1.074636e-02
3.089477e-02
2.129370e-03
9.323654e-03
2.958084e-03
2.269788e-02
1.671677e-02
8.060297e-02
2.569533e-02
7.924684e-02
1.267251e-01
3.165375e-01
3.558250e-03
5.983641e-01
3.218079e-01
1.626834e+00
5.848238e-01
1.681313e+00
1.340971e-01
5.871576e-01
1.862855e-01
1.429400e+00
4.834615e-01
2.331099e+00
7.431284e-01
2.291878e+00
1.333481e-01
3.330806e-01
3.744214e-03
6.296362e-01
1.603567e-01
8.106505e-01
2.914174e-01
8.377974e-01
2.789139e-03
1.221252e-02
3.874625e-03
2.973066e-02
3.754792e-01
1.810442e+00
5.771488e-01
1.779982e+00
2.362435e-01
5.900954e-01
6.633360e-03
1.115482e+00
5.122995e-01
2.589825e+00
9.310056e-01
2.676553e+00
2.020428e-01
8.846644e-01
2.806745e-01
2.153663e+00
8.617446e-01
4.155061e+00
1.324587e+00
4.085153e+00
1.013966e-01
2.532711e-01
2.847062e-03
4.787689e-01
1.895397e-01
9.581788e-01
3.444518e-01
9.902661e-01
6.825241e-02
2.988499e-01
9.481510e-02
7.275324e-01
5.358204e-01
2.583557e+00
8.236092e-01
2.540089e+00
3.354405e-01
8.378723e-01
9.418661e-03
1.583865e+00
8.518231e-01
4.306217e+00
1.548024e+00
4.450422e+00
3.549541e-01
1.554202e+00
4.930963e-01
3.783612e+00
1.279719e+00
6.170401e+00
1.967055e+00
6.066585e+00
4.308947e-02
1.076301e-01
1.209887e-03
2.034576e-01
5.181691e-02
2.619497e-01
9.416723e-02
2.707218e-01
9.012691e-04
3.946295e-03
1.252028e-03
9.607023e-03
1.213305e-01
5.850176e-01
1.864971e-01
5.751748e-01
7.614078e-02
1.901865e-01
2.137918e-03
3.595175e-01
1.651131e-01
8.346952e-01
3.000611e-01
8.626472e-01
6.511797e-02
2.851255e-01
9.046079e-02
6.941211e-01
2.777384e-01
1.339167e+00
4.269116e-01
1.316636e+00
3.577687e-02
8.936443e-02
1.004560e-03
1.689293e-01
6.687737e-02
3.380848e-01
1.215367e-01
3.494065e-01
2.408225e-02
1.054465e-01
3.345466e-02
2.567033e-01
1.890594e-01
9.115849e-01
2.906032e-01
8.962477e-01
1.777781e-01
4.440590e-01
4.991741e-03
8.394233e-01
4.514527e-01
2.282226e+00
8.204282e-01
2.358653e+00
1.881200e-01
8.237022e-01
2.613332e-01
2.005254e+00
6.782306e-01
3.270214e+00
1.042508e+00
3.215194e+00
2.101708e-01
5.249704e-01
5.901279e-03
9.923735e-01
2.527393e-01
1.277671e+00
4.593048e-01
1.320458e+00
4.395980e-03
1.924823e-02
6.106821e-03
4.685868e-02
5.917951e-01
2.853449e+00
9.096479e-01
2.805440e+00
3.142832e-01
7.850251e-01
8.824598e-03
1.483966e+00
6.815305e-01
3.445338e+00
1.238550e+00
3.560714e+00
2.687848e-01
1.176901e+00
3.733914e-01
2.865096e+00
1.146410e+00
5.527627e+00
1.762146e+00
5.434625e+00
2.094826e-01
5.232513e-01
5.881955e-03
9.891240e-01
3.915839e-01
1.979572e+00
7.116283e-01
2.045864e+00
1.410077e-01
6.174160e-01
1.958855e-01
1.503063e+00
1.106991e+00
5.337561e+00
1.701555e+00
5.247757e+00
3.890158e-01
9.716943e-01
1.092298e-02
1.836835e+00
9.878733e-01
4.993991e+00
1.795269e+00
5.161228e+00
4.116462e-01
1.802433e+00
5.718519e-01
4.387917e+00
1.484111e+00
7.155916e+00
2.281226e+00
7.035519e+00
