9.224099e-02
1.028219e+00
7.231517e-04
5.986320e-01
6.014413e-02
5.839267e-01
5.788058e-03
6.957871e-01
1.163810e-02
1.844614e-01
1.113873e-04
8.862093e-02
6.733367e-02
4.403950e-01
1.522921e-03
4.624472e-01
8.888472e-02
9.908067e-01
6.968392e-04
5.768503e-01
7.263309e-02
7.051793e-01
6.989951e-03
8.402676e-01
1.059819e-01
1.679790e+00
1.014344e-03
8.070230e-01
8.277231e-02
5.413712e-01
1.872105e-03
5.684797e-01
2.189314e-03
2.440450e-02
1.716381e-05
1.420837e-02
1.835935e-03
1.782471e-02
1.766839e-04
2.123931e-02
1.684835e-03
2.670427e-02
1.612542e-05
1.282956e-02
1.790712e-03
1.171213e-02
4.050147e-05
1.229860e-02
9.966647e-02
1.110992e+00
7.813661e-04
6.468224e-01
1.127289e-01
1.094461e+00
1.084863e-02
1.304123e+00
1.088336e-01
1.724989e+00
1.041637e-03
8.287377e-01
2.258534e-01
1.477191e+00
5.108244e-03
1.551160e+00
1.599379e-01
1.782844e+00
1.253883e-03
1.037976e+00
1.042848e-01
1.012479e+00
1.003599e-02
1.206435e+00
2.017947e-02
3.198402e-01
1.931360e-04
1.536611e-01
1.167508e-01
7.636070e-01
2.640614e-03
8.018438e-01
6.193526e-01
6.903984e+00
4.855606e-03
4.019518e+00
5.061105e-01
4.913720e+00
4.870628e-02
5.855021e+00
7.384866e-01
1.170485e+01
7.067994e-03
5.623371e+00
5.767610e-01
3.772298e+00
1.304491e-02
3.961191e+00
1.349645e-01
1.504463e+00
1.058096e-03
8.759023e-01
1.131798e-01
1.098839e+00
1.089202e-02
1.309339e+00
1.038649e-01
1.646237e+00
9.940828e-04
7.909029e-01
1.103919e-01
7.220170e-01
2.496792e-03
7.581712e-01
3.458722e-01
3.855471e+00
2.711572e-03
2.244666e+00
3.912028e-01
3.798105e+00
3.764797e-02
4.525693e+00
3.776848e-01
5.986222e+00
3.614790e-03
2.875966e+00
7.837783e-01
5.126292e+00
1.772712e-02
5.382985e+00
5.182960e-02
5.777496e-01
4.063342e-04
3.363674e-01
3.379459e-02
3.281046e-01
3.252272e-03
3.909582e-01
6.539373e-03
1.036476e-01
6.258780e-05
4.979552e-02
3.783434e-02
2.474550e-01
8.557192e-04
2.598461e-01
6.698434e-02
7.466810e-01
5.251444e-04
4.347197e-01
5.473696e-02
5.314296e-01
5.267691e-03
6.332334e-01
7.986894e-02
1.265905e+00
7.644190e-04
6.081799e-01
6.237797e-02
4.079823e-01
1.410835e-03
4.284115e-01
4.051775e-02
4.516553e-01
3.176514e-04
2.629549e-01
3.397775e-02
3.298828e-01
3.269898e-03
3.930770e-01
3.118133e-02
4.942173e-01
2.984340e-04
2.374372e-01
3.314080e-02
2.167570e-01
7.495628e-04
2.276108e-01
7.609032e-02
8.481862e-01
5.965335e-04
4.938163e-01
8.606284e-02
8.355659e-01
8.282382e-03
9.956319e-01
8.308895e-02
1.316942e+00
7.952375e-04
6.326994e-01
1.724277e-01
1.127761e+00
3.899887e-03
1.184232e+00
2.120910e-01
2.364199e+00
1.662753e-03
1.376443e+00
1.382902e-01
1.342631e+00
1.330856e-02
1.599833e+00
2.675965e-02
4.241346e-01
2.561144e-04
2.037673e-01
1.548212e-01
1.012606e+00
3.501673e-03
1.063311e+00
3.739271e-01
4.168201e+00
2.931517e-03
2.426738e+00
3.055584e-01
2.966602e+00
2.940586e-02
3.534902e+00
4.458528e-01
7.066670e+00
4.267221e-03
3.395046e+00
3.482129e-01
2.277482e+00
7.875713e-03
2.391524e+00
1.527389e-01
1.702595e+00
1.197443e-03
9.912554e-01
1.280852e-01
1.243552e+00
1.232646e-02
1.481774e+00
1.175436e-01
1.863040e+00
1.125000e-03
8.950618e-01
1.249301e-01
8.171039e-01
2.825610e-03
8.580195e-01
5.653036e-01
6.301495e+00
4.431873e-03
3.668747e+00
6.393933e-01
6.207734e+00
6.153294e-02
7.396924e+00
6.172991e-01
9.784056e+00
5.908119e-03
4.700562e+00
1.281030e+00
8.378561e+00
2.897373e-02
8.798108e+00
