1.985605e-01
3.376098e-01
5.320678e-02
4.945075e-01
2.810407e-01
8.894465e-01
4.978347e-01
1.051663e+00
5.483311e-02
1.467011e-01
5.979134e-02
2.049196e-01
4.315946e-01
1.165403e+00
7.294928e-01
1.225165e+00
3.186824e-01
8.057160e-01
1.252956e-01
1.247968e+00
4.256388e-01
2.003059e+00
1.106270e+00
2.504460e+00
2.778753e-01
1.105458e+00
4.445793e-01
1.632886e+00
7.035153e-01
2.824722e+00
1.744707e+00
3.140203e+00
1.214590e-01
3.554377e-01
5.257908e-02
4.166597e-01
2.607728e-01
1.420445e+00
7.462553e-01
1.344131e+00
1.220754e-01
5.621219e-01
2.150468e-01
6.284064e-01
3.554103e-01
1.651741e+00
9.704751e-01
1.389698e+00
5.343671e-01
9.957698e-01
1.315837e-01
1.612177e+00
6.963196e-01
2.415218e+00
1.133477e+00
3.156525e+00
5.183706e-01
1.519946e+00
5.194265e-01
2.346789e+00
1.001111e+00
2.962646e+00
1.554947e+00
3.442660e+00
