8.110802e-02
1.675725e-01
2.337159e-03
3.635438e-01
9.627507e-02
3.979178e-01
1.866689e-01
4.659507e-01
1.414586e-03
4.989754e-03
1.894506e-03
1.278680e-02
1.911438e-01
7.818384e-01
3.128548e-01
8.593617e-01
1.064861e-01
2.775265e-01
2.589074e-03
5.302543e-01
1.781239e-01
9.286975e-01
2.914119e-01
9.577378e-01
7.028113e-02
3.127240e-01
7.942046e-02
7.057803e-01
2.915112e-01
1.504128e+00
4.025917e-01
1.456027e+00
3.287458e-03
1.023282e-02
1.506073e-04
1.999742e-02
5.448594e-03
3.392814e-02
1.679593e-02
3.578752e-02
1.595558e-03
8.479273e-03
3.397353e-03
1.957339e-02
1.174133e-02
7.235531e-02
3.055353e-02
7.163979e-02
1.362156e-01
3.001117e-01
3.884883e-03
6.649416e-01
3.462183e-01
1.525973e+00
6.644083e-01
1.824904e+00
1.150292e-01
4.326883e-01
1.524760e-01
1.132412e+00
4.492387e-01
1.959528e+00
7.277574e-01
2.199667e+00
1.572310e-01
3.138854e-01
4.442683e-03
5.620031e-01
2.298633e-01
9.180011e-01
4.370293e-01
8.871632e-01
3.916645e-03
1.334928e-02
5.143557e-03
2.823282e-02
4.650155e-01
1.837885e+00
7.463331e-01
1.667212e+00
2.676232e-01
6.739527e-01
6.380548e-03
1.062730e+00
5.513591e-01
2.777670e+00
8.845093e-01
2.364105e+00
2.522784e-01
1.084667e+00
2.795481e-01
2.020313e+00
9.194308e-01
4.583978e+00
1.245120e+00
3.662190e+00
9.498650e-02
2.856873e-01
4.267076e-03
4.607692e-01
1.938955e-01
1.166641e+00
5.860975e-01
1.015600e+00
6.584533e-02
3.381153e-01
1.374788e-01
6.441486e-01
4.257475e-01
2.535123e+00
1.086372e+00
2.071556e+00
3.268281e-01
6.957764e-01
9.140151e-03
1.272283e+00
1.023115e+00
4.357276e+00
1.925271e+00
4.300530e+00
3.941952e-01
1.432757e+00
5.123745e-01
3.094677e+00
1.352704e+00
5.701262e+00
2.148795e+00
5.281901e+00
5.710767e-02
1.118927e-01
1.335981e-03
2.570862e-01
6.180545e-02
2.422561e-01
9.728962e-02
3.004307e-01
1.611899e-03
5.392075e-03
1.752613e-03
1.463395e-02
1.516664e-01
5.883214e-01
2.015364e-01
6.848520e-01
1.059198e-01
2.617924e-01
2.090788e-03
5.297362e-01
1.615431e-01
7.987466e-01
2.145632e-01
8.723775e-01
1.131359e-01
4.774099e-01
1.037949e-01
1.141098e+00
3.267668e-01
1.598953e+00
3.663777e-01
1.639244e+00
3.818083e-02
1.127065e-01
1.420080e-03
2.332656e-01
5.769683e-02
3.407187e-01
1.443953e-01
3.806191e-01
2.998995e-02
1.511437e-01
5.184242e-02
3.695053e-01
1.536743e-01
8.980957e-01
3.246585e-01
9.417369e-01
1.874011e-01
3.915586e-01
4.339153e-03
9.187987e-01
4.342879e-01
1.815277e+00
6.766192e-01
2.299108e+00
2.561128e-01
9.136226e-01
2.756172e-01
2.532323e+00
6.965002e-01
2.881136e+00
9.160353e-01
3.425251e+00
2.329398e-01
4.096184e-01
5.812680e-03
8.751473e-01
3.067612e-01
1.079138e+00
5.150708e-01
1.244432e+00
5.656245e-03
1.698145e-02
6.559991e-03
4.285537e-02
6.772463e-01
2.357764e+00
9.599255e-01
2.552155e+00
3.880689e-01
8.608298e-01
8.170875e-03
1.619737e+00
7.201862e-01
3.195905e+00
1.020324e+00
3.245741e+00
3.565937e-01
1.350495e+00
3.489600e-01
3.001574e+00
1.310623e+00
5.755779e+00
1.567457e+00
5.487020e+00
1.975202e-01
5.232911e-01
7.836200e-03
1.007094e+00
3.631972e-01
1.924930e+00
9.695502e-01
1.999559e+00
1.334698e-01
6.037064e-01
2.461044e-01
1.372401e+00
8.703127e-01
4.564836e+00
1.961226e+00
4.450991e+00
3.856156e-01
7.231157e-01
9.523887e-03
1.577815e+00
1.087389e+00
4.079232e+00
1.807083e+00
4.804181e+00
4.533724e-01
1.451507e+00
5.204235e-01
3.741071e+00
1.568960e+00
5.824824e+00
2.201048e+00
6.439262e+00
