8.086417e-02
1.061148e+00
1.053867e-05
6.326468e-01
4.741765e-02
5.760009e-01
7.648932e-05
6.611140e-01
9.048826e-03
1.674918e-01
1.034585e-06
8.048592e-02
5.156279e-02
4.727216e-01
1.917330e-05
4.456379e-01
9.107219e-02
8.931797e-01
6.126286e-05
7.456448e-01
6.486060e-02
5.888404e-01
5.400372e-04
9.463644e-01
8.887271e-02
1.229428e+00
5.244745e-05
8.272508e-01
8.664589e-02
5.936773e-01
1.662993e-04
7.836727e-01
1.796546e-03
2.729718e-02
7.391905e-06
1.943716e-02
1.260740e-03
1.773244e-02
6.420588e-05
2.430810e-02
1.179467e-03
2.527825e-02
4.257439e-06
1.450784e-02
1.114005e-03
1.182541e-02
1.307785e-05
1.331442e-02
1.013492e-01
9.834073e-01
1.374615e-04
7.831973e-01
1.076459e-01
9.668837e-01
1.807132e-03
1.482449e+00
1.058331e-01
1.448493e+00
1.259293e-04
9.298115e-01
1.918856e-01
1.300784e+00
7.425650e-04
1.638076e+00
1.547885e-01
2.479552e+00
1.047483e-04
1.241938e+00
9.241049e-02
1.370311e+00
7.740353e-04
1.321338e+00
1.806222e-02
4.081195e-01
1.072319e-05
1.647613e-01
6.649126e-02
7.441293e-01
1.283819e-04
5.893407e-01
6.104403e-01
7.308212e+00
2.132227e-03
5.125611e+00
4.426262e-01
4.905333e+00
1.913633e-02
6.623243e+00
6.211868e-01
1.048991e+01
1.903518e-03
5.929898e+00
3.912469e-01
3.272414e+00
3.899170e-03
3.629058e+00
9.900491e-02
1.836332e+00
2.115211e-03
1.098519e+00
7.073633e-02
1.214508e+00
1.870556e-02
1.398699e+00
6.777986e-02
1.773278e+00
1.270405e-03
8.550152e-01
4.135722e-02
5.359140e-01
2.521037e-03
5.069236e-01
3.395003e-01
4.021317e+00
2.391003e-03
2.690590e+00
3.671269e-01
4.025388e+00
3.200275e-02
5.185070e+00
3.696900e-01
6.176573e+00
2.284137e-03
3.330946e+00
4.330201e-01
3.583319e+00
8.701194e-03
3.791018e+00
5.405016e-02
6.133016e-01
7.120181e-05
3.934640e-01
3.040503e-02
3.193640e-01
4.957591e-04
3.944433e-01
8.782952e-03
1.405722e-01
1.015030e-05
7.268939e-02
3.611381e-02
2.862858e-01
1.357370e-04
2.904168e-01
7.808540e-02
6.621867e-01
5.309405e-04
5.948657e-01
5.334940e-02
4.187971e-01
4.489901e-03
7.242855e-01
1.106522e-01
1.323586e+00
6.600555e-04
9.583663e-01
7.784452e-02
4.611986e-01
1.510202e-03
6.551151e-01
3.348664e-02
4.399554e-01
1.392689e-03
3.371079e-01
2.254360e-02
2.741724e-01
1.160479e-02
4.044378e-01
3.192468e-02
5.916233e-01
1.164806e-03
3.653813e-01
2.175788e-02
1.997115e-01
2.581845e-03
2.419660e-01
7.915479e-02
6.641221e-01
1.085183e-03
5.691557e-01
8.065272e-02
6.264022e-01
1.368598e-02
1.033485e+00
1.200289e-01
1.420490e+00
1.443630e-03
9.812105e-01
1.570346e-01
9.204826e-01
6.142597e-03
1.247354e+00
2.604655e-01
2.581281e+00
2.828658e-04
1.096237e+00
1.542169e-01
1.414753e+00
2.072972e-03
1.156691e+00
2.795462e-02
3.907692e-01
2.663350e-05
1.337613e-01
1.801387e-01
1.247216e+00
5.581723e-04
8.375329e-01
5.153107e-01
3.816698e+00
2.888560e-03
2.269680e+00
3.705631e-01
2.540647e+00
2.571021e-02
2.908632e+00
4.823020e-01
5.038710e+00
2.371788e-03
2.415110e+00
5.317506e-01
2.751541e+00
8.504547e-03
2.587283e+00
1.706669e-01
1.958368e+00
5.851513e-03
9.933285e-01
1.209301e-01
1.284526e+00
5.131973e-02
1.254322e+00
1.074643e-01
1.739365e+00
3.232418e-03
7.110992e-01
1.147823e-01
9.201727e-01
1.122858e-02
7.380046e-01
7.702898e-01
5.644597e+00
8.705947e-03
3.202243e+00
8.260937e-01
5.603657e+00
1.155640e-01
6.120130e+00
7.714763e-01
7.974125e+00
7.649428e-03
3.646240e+00
1.581806e+00
8.098064e+00
5.100889e-02
7.264300e+00
