1.344438e-01
4.092514e-01
2.027230e-03
4.742694e-01
1.843364e-01
8.053008e-01
1.613754e-01
7.516279e-01
1.442629e-03
7.758774e-03
1.693947e-03
1.052480e-02
3.860067e-01
1.386879e+00
4.092704e-01
1.281481e+00
3.728892e-01
1.094436e+00
5.800326e-03
1.222804e+00
7.188373e-01
3.027880e+00
6.491829e-01
2.724678e+00
3.086292e-01
1.600430e+00
3.738459e-01
2.093096e+00
9.754733e-01
3.379250e+00
1.066943e+00
3.010408e+00
8.976466e-02
2.908347e-01
1.697998e-03
2.794937e-01
2.406487e-01
1.118979e+00
2.642890e-01
8.660795e-01
6.801449e-02
3.893422e-01
1.001881e-01
4.379688e-01
4.845988e-01
1.853180e+00
6.445655e-01
1.419979e+00
3.795467e-01
1.332811e+00
7.810138e-03
1.355863e+00
1.060978e+00
5.346963e+00
1.267546e+00
4.380911e+00
3.114958e-01
1.932612e+00
4.991472e-01
2.301325e+00
9.560935e-01
3.962763e+00
1.383397e+00
3.214281e+00
